0.000
8.9798
9.87084
9.5775
9.47569
9.69078
9.75574
9.63245
9.65655
10.1993
10.2587
9.92324
9.68037
8.99448
9.04848
9.24729
9.54269
9.9157
10.093
10.0159
9.66789
10.0732
9.97968
9.97041
9.8768
10.282
10.9835
10.5428
10.943
10.909
10.835
10.2134
10.2837
10.486
10.2342
10.2196
10.5917
10.6705
10.4728
10.058
9.65463
9.90821
9.73393
9.78995
10.361
10.6473
10.2665
10.8597
10.6941
10.4145
10.3978
10.4608
10.688
10.2016
10.2678
10.5025
10.4795
10.6901
10.7825
10.8408
10.5538
10.3572
10.5139
10.6225
10.5802
10.6492
11.3806
11.2141
11.4826
11.9707
12.4826
12.8521
13.5147
14.7029
14.5786
14.7335
16.1531
17.1232
14.4211
16.9245
15.6467
14.6209
15.2484
15.5995
15.0872
15.5152
16.3034
15.6617
16.3548
15.9057
15.7263
15.4912
15.9449
16.4338
17.1079
17.2513
17.6375
19.4909
19.7517
20.5082
18.8788
18.2445
18.3318
19.7306
17.1778
17.731
19.8064
18.6893
19.6673
19.7309
24.6372
22.7648
21.7141
22.1327
21.5722
21.3607
21.4023
22.0384
22.6074
24.4157
24.8105
25.2391
26.1616
25.9541
27.4635
31.7867
32.1452
30.0745
30.6557
31.2694
31.4447
32.3177
33.5195
32.7075
32.688
32.02
33.0385
33.736
34.4786
36.0748
39.0781
41.2062
38.9629
42.3176
38.8435
41.7067
42.3813
40.7366
40.4294
39.1689
41.357
41.6581
41.9106
43.3023
43.0406
43.0665
41.4067
40.578
38.6442
39.1461
33.2515
34.7911
33.6558
31.6132
33.2037
32.0437
30.3475
30.6983
28.9686
29.3183
30.9343
32.1009
30.2641
30.3701
30.2984
30.6534
31.2826
30.6031
31.0712
30.4846
30.7621
34.8677
34.6103
35.3787
36.1911
34.3718
33.6698
33.8463
32.155
31.88
33.2801
32.4019
31.1547
32.0134
34.7507
35.6444
35.1736
36.0461
36.9249
38.6343
38.4314
37.7593
38.7088
36.7338
34.7403
36.362
37.3445
36.4999
38.9312
36.0124
36.1149
34.3979
34.7843
35.4977
35.4489
34.8645
34.2801
35.1175
34.772
34.3307
34.9895
35.1165
35.3708
34.1042
33.6097
32.9327
34.0092
34.4201
35.1372
36.2799
37.5574
36.8531
36.5976
37.1605
38.3013
40.3853
44.081
43.6311
43.1092
42.6592
42.5722
44.7752
46.9549
44.8412
50.505
51.7815
48.8291
50.9476
52.7494
52.948
52.2424
51.2401
48.9223
48.6111
48.1194
46.5821
47.3108
48.7447
49.2192
49.695
48.4482
48.7756
48.9079
52.6057
50.6009
51.1375
52.3984
56.1576
58.5613
55.9912
56.3063
54.3204
56.1885
53.4405
54.3125
55.255
53.6098
56.8266
55.1569
58.3455
57.95
59.5354
57.4499
55.8695
55.9821
57.8512
58.8019
58.011
59.4692
60.087000
60.259696
60.432393
60.605089
60.777785
60.950481
61.123178
61.295874
61.468570
61.641266
61.813963
61.986659
62.159355
62.332051
62.504748
62.677444
62.850140
63.022836
63.195533
63.368229
63.540925
63.713621
63.886318
64.059014
64.231710
64.404407
64.577103
64.749799
64.922495
65.095192
65.267888
65.440584
65.613280
65.785977
65.958673
66.131369
66.304065
66.476762
66.649458
66.822154
66.994850
67.167547
67.340243
67.512939
67.685635
67.858332
68.031028
68.203724
68.376421
68.549117
68.721813
68.894509
69.067206
69.239902
69.412598
69.585294
69.757991
69.930687
70.103383
70.276079
70.448776
70.621472
70.794168
70.966864
71.139561
71.312257
71.484953
71.657649
71.830346
72.003042
72.175738
72.348435
72.521131
72.693827
72.866523
73.039220
73.211916
73.384612
73.557308
73.730005
73.902701
74.075397
74.248093
74.420790
74.593486
74.766182
74.938878
75.111575
75.284271
75.456967
75.629663
75.802360
75.975056
76.147752
76.320449
76.493145
76.665841
76.838537
77.011234
77.183930
77.356626
77.529322
77.702019
77.874715
78.047411
78.220107
78.392804
78.565500
78.738196
78.910892
79.083589
79.256285
79.428981
79.601677
79.774374
79.947070
80.119766
80.292463
80.465159
80.637855
80.810551
80.983248
81.155944
81.328640
81.501336
81.674033
81.846729
82.019425
82.192121
82.364818
82.537514
82.710210
82.882906
83.055603
83.228299
83.400995
83.573692
83.746388
83.919084
84.091780
84.264477
84.437173
84.609869
84.782565
84.955262
85.127958
85.300654
85.473350
85.646047
85.818743
85.991439
86.164135
86.336832
86.509528
86.682224
86.854920
87.027617
87.200313
87.373009
87.545706
87.718402
87.891098
88.063794
88.236491
88.409187
88.581883
88.754579
88.927276
89.099972
89.272668
89.445364
89.618061
89.790757
89.963453
90.136149
90.308846
90.481542
90.654238
90.826934
90.999631
91.172327
91.345023
91.517720
91.690416
91.863112
92.035808
92.208505
92.381201
92.553897
92.726593
92.899290
93.071986